[0.4733, -0.9645, -0.7618, 0.6478]
[0.4721, -0.9631, -0.764, 0.6453]
[0.467, -0.968, -0.7678, 0.6407]
[0.4649, -0.9706, -0.7707, 0.6372]
[0.4629, -0.9682, -0.773, 0.6343]
[0.4619, -0.966, -0.776, 0.6307]
[0.4608, -0.9651, -0.7778, 0.6286]
[0.4588, -0.9624, -0.7804, 0.6253]
[0.4581, -0.9609, -0.7829, 0.6222]
[0.457, -0.9595, -0.7851, 0.6194]
[0.4565, -0.9594, -0.7866, 0.6175]
[0.4551, -0.9573, -0.7894, 0.6139]
[0.4539, -0.9555, -0.7918, 0.6108]
[0.4531, -0.9541, -0.7937, 0.6083]
[0.4518, -0.9519, -0.7962, 0.6051]
[0.4507, -0.9502, -0.7984, 0.6022]
[0.4326, -0.9511, -0.7983, 0.6022]
[0.4315, -0.9493, -0.8, 0.6]
[0.4306, -0.9475, -0.8026, 0.5966]
[0.4293, -0.9462, -0.8045, 0.594]
[0.4285, -0.944, -0.8065, 0.5913]
[0.4277, -0.942, -0.8092, 0.5875]
[0.4265, -0.9403, -0.8113, 0.5847]
[0.4251, -0.9401, -0.8129, 0.5824]
[0.4208, -0.9413, -0.8149, 0.5796]
[0.4193, -0.9393, -0.8173, 0.5763]
[0.4191, -0.9378, -0.8191, 0.5736]
[0.4184, -0.9358, -0.8213, 0.5705]
[0.4172, -0.9337, -0.8233, 0.5676]
[0.4162, -0.9317, -0.8251, 0.5649]
[0.4155, -0.9302, -0.8269, 0.5623]
[0.4192, -0.9254, -0.8268, 0.5626]
[0.4183, -0.9231, -0.829, 0.5593]
[0.4174, -0.9209, -0.8313, 0.5558]
[0.417, -0.9192, -0.8334, 0.5527]
[0.4157, -0.9172, -0.8352, 0.55]
[0.4149, -0.9148, -0.8376, 0.5463]
[0.4145, -0.9136, -0.8396, 0.5432]
[0.4186, -0.9136, -0.8429, 0.538]
[0.4178, -0.9114, -0.8449, 0.5349]
[0.4167, -0.9088, -0.8471, 0.5314]
[0.4166, -0.908, -0.8488, 0.5288]
[0.4158, -0.9056, -0.8505, 0.5259]
[0.4154, -0.904, -0.8528, 0.5222]
[0.4153, -0.9027, -0.8542, 0.52]
[0.4047, -0.8976, -0.8565, 0.5162]
[0.404, -0.8952, -0.8582, 0.5134]
[0.4035, -0.8929, -0.8603, 0.5097]
[0.4031, -0.8913, -0.8624, 0.5063]
[0.4027, -0.8895, -0.8643, 0.5029]
[0.402, -0.8874, -0.866, 0.5]
[0.4012, -0.8847, 0.8679, -0.4968]
[0.4011, -0.885, 0.8697, -0.4936]
[0.4003, -0.8888, 0.8705, -0.4922]
[0.3997, -0.8862, 0.8723, -0.489]
[0.3992, -0.8836, 0.8744, -0.4852]
[0.3987, -0.8818, 0.8764, -0.4815]
[0.3982, -0.8798, 0.878, -0.4786]
[0.3981, -0.8777, 0.8801, -0.4748]
[0.3974, -0.8753, 0.8815, -0.4722]
[0.3921, -0.8682, 0.8836, -0.4682]
[0.392, -0.8665, 0.8856, -0.4644]
[0.3918, -0.8644, 0.887, -0.4617]
[0.391, -0.8621, 0.8886, -0.4587]
[0.391, -0.8602, 0.8906, -0.4549]
[0.3905, -0.8577, 0.8923, -0.4514]
[0.385, -0.8523, 0.8938, -0.4485]
[0.3851, -0.8503, 0.8959, -0.4443]
[0.3848, -0.8478, 0.8977, -0.4406]
[0.3843, -0.8455, 0.899, -0.4379]
[0.3842, -0.8437, 0.9009, -0.434]
[0.3841, -0.842, 0.9024, -0.431]
[0.3837, -0.8394, 0.9037, -0.4281]
[0.3944, -0.8344, 0.9081, -0.4187]
[0.3944, -0.8322, 0.9096, -0.4155]
[0.3938, -0.8302, 0.9108, -0.4128]
[0.394, -0.8282, 0.9127, -0.4087]
[0.3941, -0.8257, 0.9145, -0.4046]
[0.3939, -0.8237, 0.9159, -0.4015]
[0.3938, -0.8255, 0.9165, -0.4001]
[0.3936, -0.8237, 0.918, -0.3966]
[0.3935, -0.821, 0.9194, -0.3933]
[0.3933, -0.819, 0.9207, -0.3903]
[0.3935, -0.8174, 0.9223, -0.3866]
[0.3935, -0.8151, 0.9239, -0.3826]
[0.3934, -0.8124, 0.9252, -0.3796]
[0.3955, -0.8109, 0.928, -0.3727]
[0.3961, -0.8088, 0.9296, -0.3686]
[0.3959, -0.8065, 0.9307, -0.3658]
[0.396, -0.804, 0.9321, -0.3621]
[0.397, -0.802, 0.9339, -0.3576]
[0.3966, -0.8, 0.9349, -0.3548]
[0.3969, -0.7983, 0.9363, -0.3513]
[0.3994, -0.7923, 0.9377, -0.3475]
[0.3999, -0.7904, 0.9388, -0.3444]
[0.3999, -0.7892, 0.9401, -0.3409]
[0.4003, -0.7862, 0.9414, -0.3373]
[0.4006, -0.7843, 0.9428, -0.3333]
[0.4011, -0.7814, 0.9443, -0.3292]
[0.4012, -0.7795, 0.9454, -0.326]
[0.4068, -0.7599, 0.9461, -0.3237]
[0.4072, -0.7573, 0.9473, -0.3204]
[0.4078, -0.7558, 0.9484, -0.3169]
[0.4078, -0.7534, 0.9495, -0.3138]
[0.4084, -0.7515, 0.951, -0.309]
[0.4087, -0.749, 0.952, -0.3061]
[0.4042, -0.7475, 0.951, -0.3093]
[0.4048, -0.7452, 0.9522, -0.3054]
[0.4055, -0.7435, 0.9536, -0.3011]
[0.4059, -0.7409, 0.9547, -0.2977]
[0.4064, -0.7391, 0.9559, -0.2936]
[0.407, -0.7372, 0.957, -0.29]
[0.405, -0.7415, 0.9582, -0.286]
[0.4042, -0.7426, 0.9593, -0.2822]
[0.405, -0.7406, 0.9604, -0.2786]
[0.4055, -0.7386, 0.9616, -0.2745]
[0.4061, -0.7362, 0.9626, -0.2709]
[0.4067, -0.7342, 0.9637, -0.2669]
[0.4072, -0.7319, 0.9645, -0.2641]
[0.4059, -0.7272, 0.9658, -0.2591]
[0.4066, -0.7249, 0.967, -0.255]
[0.4074, -0.7231, 0.9678, -0.2518]
[0.4077, -0.7208, 0.9686, -0.2486]
[0.4088, -0.7185, 0.9698, -0.244]
[0.4094, -0.7171, 0.9708, -0.2398]
[0.4067, -0.7126, 0.9719, -0.2355]
[0.4044, -0.7079, 0.9732, -0.2301]
[0.4051, -0.7057, 0.9739, -0.2271]
[0.4061, -0.704, 0.9749, -0.2226]
[0.4072, -0.7017, 0.9759, -0.2182]
[0.408, -0.7, 0.9768, -0.2144]
[0.4088, -0.6981, 0.9775, -0.2112]
[0.4071, -0.7135, 0.9781, -0.2082]
[0.4082, -0.7118, 0.9791, -0.2033]
[0.4088, -0.71, 0.9798, -0.1998]
[0.4097, -0.7081, 0.9805, -0.1964]
[0.4108, -0.7054, 0.9813, -0.1927]
[0.4122, -0.7037, 0.9822, -0.1881]
[0.4116, -0.7045, 0.9824, -0.1866]
[0.4125, -0.7023, 0.983, -0.1836]
[0.4137, -0.7, 0.9838, -0.1794]
[0.4148, -0.6983, 0.9845, -0.1753]
[0.4154, -0.6964, 0.9851, -0.1722]
[0.4165, -0.6948, 0.9859, -0.1676]
[0.4175, -0.6928, 0.9865, -0.1635]
[0.4202, -0.6863, 0.9873, -0.1589]
[0.4212, -0.6845, 0.9879, -0.155]
[0.4224, -0.6827, 0.9886, -0.1504]
[0.4233, -0.6812, 0.9891, -0.147]
[0.4243, -0.6789, 0.9896, -0.1438]
[0.4257, -0.6773, 0.9903, -0.1389]
[0.4267, -0.6761, 0.9907, -0.1362]
[0.4316, -0.6719, 0.9914, -0.1307]
[0.4325, -0.6706, 0.992, -0.126]
[0.434, -0.6683, 0.9926, -0.1216]
[0.4353, -0.667, 0.9931, -0.1175]
[0.4357, -0.6662, 0.9933, -0.1152]
[0.4375, -0.6635, 0.9939, -0.1106]
[0.4387, -0.6625, 0.9943, -0.1066]
[0.4376, -0.661, 0.9944, -0.1054]
[0.4381, -0.6602, 0.9946, -0.1037]
[0.4393, -0.6592, 0.9951, -0.0992]
[0.4411, -0.6572, 0.9956, -0.0942]
[0.4427, -0.6556, 0.9959, -0.0905]
[0.444, -0.6534, 0.9962, -0.0868]
[0.4453, -0.652, 0.9966, -0.0826]
[0.4409, -0.6609, 0.9971, -0.076]
[0.4424, -0.659, 0.9974, -0.0718]
[0.4434, -0.657, 0.9976, -0.0686]
[0.4445, -0.6557, 0.9979, -0.0646]
[0.4455, -0.6541, 0.9981, -0.0611]
[0.4466, -0.6526, 0.9983, -0.0579]
[0.4381, -0.6637, 0.9986, -0.0533]
[0.4388, -0.6627, 0.9988, -0.0496]
[0.4403, -0.6606, 0.9989, -0.0462]
[0.4413, -0.6597, 0.9991, -0.0424]
[0.4433, -0.6569, 0.9993, -0.0381]
[0.4443, -0.6555, 0.9994, -0.0348]
[0.4452, -0.6547, 0.9995, -0.0314]
[0.4487, -0.6525, 0.9997, -0.0264]
[0.4493, -0.6515, 0.9997, -0.0232]
[0.4509, -0.6493, 0.9998, -0.0198]
[0.4521, -0.648, 0.9999, -0.0158]
[0.4533, -0.6465, 0.9999, -0.0123]
[0.4545, -0.6452, 1.0, -0.009]
[0.4567, -0.6429, 1.0, -0.0044]
[0.447, -0.6446, 1.0, -0.0013]
[0.4484, -0.6426, 1.0, 0.0021]
